42
59
189
85
69
126
53
27
71
310
76
235
212
181
37
110
96
108
75
290
48
12
31
41
223
47
235
242
57
37
185
37
69
63
86
216
69
67
228
35
13
178
248
81
210
95
195
150
269
240
193
66
45
291
54
232
98
74
134
92
58
16
64
62
264
83
115
47
66
54
111
46
52
39
71
158
125
248
46
77
89
259
47
154
106
89
79
70
69
36
125
220
66
49
260
105
41
31
121
66
108
52
72
176
70
236
196
276
216
97
115
25
266
206
258
57
63
28
42
76
103
39
168
111
182
29
50
126
78
14
66
50
222
101
57
206
57
233
183
185
31
70
60
78
75
66
68
67
81
85
77
49
131
196
19
27
53
237
54
29
57
31
274
227
58
65
92
68
52
23
78
36
174
57
55
223
70
50
91
51
220
124
114
106
125
223
36
110
221
42
30
192
49
277
199
48
218
194
227
74