42
59
189
85
69
126
53
27
71
310
76
235
212
181
37
110
96
110
75
290
48
12
31
41
223
47
235
244
57
37
185
37
69
63
86
216
69
68
228
35
13
185
248
81
210
95
195
150
272
240
193
66
52
293
54
232
98
74
134
92
58
16
64
64
264
83
115
51
66
54
113
46
52
39
71
158
125
248
46
77
103
259
53
154
106
89
79
70
69
36
125
220
71
49
282
105
41
31
121
66
108
52
72
176
70
236
215
276
216
97
123
25
266
206
258
57
63
28
42
76
103
39
188
111
182
29
50
138
78
14
66
50
222
101
57
206
57
233
183
185
31
70
60
78
75
66
68
67
81
85
79
49
131
196
19
27
53
237
54
29
57
31
274
227
58
65
92
72
52
23
78
36
174
57
55
223
82
50
91
58
220
129
114
106
125
223
36
110
221
42
30
192
49
310
199
48
242
194
227
74